10  9.110875e-9
10.5  4.892044e-7
11  0.0000277
11.5  0.0005259
12  0.0100022
12.5  0.0843286
13  0.7130746
13.5  3.59069
14  18.19933
14.5  61.50884
15  208.7415
15.5  537.2511
16  1388.099
16.5  2878.148
17  5981.818
17.5  10555.6
18  18681.99
18.5  29492.44
19  46647.47
19.5  67252.17
20  97055.77
20.5  130387.3
21  175431.3
21.5  222744.4
22  283130.6
22.5  344572.3
23  419446.9
23.5  492498.1
24  578621.9
24.5  656158.2
25  744202.3
25.5  831303.3
26  929649
26.5  1.016730e+6
27  1.112618e+6
27.5  1.199895e+6
28  1.294060e+6
28.5  1.375774e+6
29  1.463587e+6
29.5  1.534149e+6
30  1.608839e+6
30.5  1.675378e+6
31  1.744239e+6
31.5  1.804581e+6
32  1.868308e+6
32.5  1.918531e+6
33  1.970824e+6
33.5  2.011527e+6
34  2.054653e+6
34.5  2.086607e+6
35  2.119740e+6
35.5  2.144918e+6
36  2.170049e+6
36.5  2.187408e+6
37  2.205794e+6
37.5  2.216625e+6
38  2.228111e+6
38.5  2.232195e+6
39  2.235390e+6
39.5  2.235185e+6
40  2.235060e+6
40.5  2.230016e+6
41  2.224393e+6
41.5  2.213527e+6
42  2.204023e+6
42.5  2.190163e+6
43  2.176836e+6
43.5  2.160729e+6
44  2.144118e+6
44.5  2.124730e+6
45  2.106098e+6
45.5  2.085129e+6
46  2.064722e+6
46.5  2.041988e+6
47  2.018369e+6
47.5  1.992549e+6
48  1.966906e+6
48.5  1.942183e+6
49  1.917038e+6
49.5  1.889197e+6
50  1.862605e+6
50.5  1.833828e+6
51  1.805706e+6
51.5  1.776920e+6
52  1.747831e+6
52.5  1.719258e+6
53  1.691398e+6
53.5  1.661597e+6
54  1.632453e+6
54.5  1.603211e+6
55  1.573244e+6
55.5  1.542660e+6
56  1.512332e+6
56.5  1.482825e+6
57  1.453060e+6
57.5  1.423467e+6
58  2.422810e+6
58.5  1.364823e+6
59  1.335314e+6
59.5  3.106022e+6
60  1.275207e+6
60.5  1.245490e+6
61  1.216389e+6
61.5  1.186825e+6
62  1.157887e+6
62.5  1.128841e+6
63  1.098996e+6
63.5  1.070599e+6
64  1.042383e+6
64.5  1.013198e+6
65  983829.6
65.5  955363.8
66  927649.2
66.5  898643
67  1.481946e+6
67.5  842044.2
68  813397.7
68.5  785299
69  917867.1
69.5  728858.1
70  673136.8
70.5  647512.3
71  620510.4
71.5  594356.2
72  568290.8
72.5  541526.4
73  514474.9
73.5  487399
74  460273.2
74.5  432329.4
75  404930.3
75.5  375374.2
76  344074.4
76.5  313653.2
77  283696.3
77.5  252964.4
78  222840.9
78.5  187141.7
79  123402.9
79.5  61030.14
80  0
